c2670805,6,1,1
c2670458,6,1,1
c2670457,6,1,1
c2670456,6,1,1
c2670420,6,1,1
c2670419,6,1,1
c2670401,6,1,1
c2670400,6,1,1
c2670398,6,1,1
c2670218,6,1,1
c2670217,6,1,1
c2670216,6,1,1
c2670215,6,1,1
c2670214,6,1,1
c2670213,6,1,1
c2670212,6,1,1
c2670211,6,1,1
c2670210,6,1,1
c2670209,6,1,1
c2670208,6,1,1
c2670207,6,1,1
c2670206,6,1,1
c2670205,6,1,1
c2670204,6,1,1
c2670203,6,1,1
c2670202,6,1,1
c2670201,6,1,1
c2670200,6,1,1
c2670199,6,1,1
c2670198,6,1,1
c2670197,6,1,1
c2670196,6,1,1
c2670195,6,1,1
c2670194,6,1,1
c2670193,6,1,1
c2670192,6,1,1
c2670191,6,1,1
c2670190,6,1,1
c2670189,6,1,1
c2670188,6,1,1
c2670187,6,1,1
c2670186,6,1,1
c2670185,6,1,1
c2670184,6,1,1
c2670183,6,1,1
c2670182,6,1,1
c2670181,6,1,1
c2670180,6,1,1
c2670179,6,1,1
c2670178,6,1,1
c2670177,6,1,1
c2670176,6,1,1
c2670175,6,1,1
c2670174,6,1,1
c2670173,6,1,1
c2670172,6,1,1
c2670171,6,1,1
c2670170,6,1,1
c2670169,6,1,1
c2670168,6,1,1
c2670167,6,1,1
c2670166,6,1,1
c2670165,6,1,1
c2670164,6,1,1
c2670163,6,1,1
c2670162,6,1,1
c2670161,6,1,1
c2670160,6,1,1
c2670159,6,1,1
c2670158,6,1,1
c2670157,6,1,1
c2670156,6,1,1
c2670155,6,1,1
c2670154,6,1,1
c2670153,6,1,1
c2670152,6,1,1
c2670151,6,1,1
c2670150,6,1,1
c2670149,6,1,1
c2670148,6,1,1
c2670147,6,1,1
c2670146,6,1,1
c2670145,6,1,1
c2670144,6,1,1
c2670143,6,1,1
c2670493,8,1,1
c2670491,8,1,1
c2670490,8,1,1
c2670489,8,1,1
c2670487,8,1,1
c2670494,9,1,1
c2670492,9,1,1
c2670488,9,1,1
c26701026,16,1,1
c26701028,18,1,1
c2670799,26,1,1
c26701269,29,1,1
c26701029,29,1,1
c2670792,38,1,1
c26701277,70,1,1
