c2670805,6,1.1,1
c2670458,6,0.03138,1
c2670457,6,0.0123,1
c2670456,6,1.324,1
c2670420,6,0.8206,1
c2670419,6,0.3806,1
c2670401,6,0.9363,1
c2670400,6,0.6251,1
c2670398,6,0.6265,1
c2670218,6,0.7399,1
c2670217,6,0.863,1
c2670216,6,2.231,1
c2670215,6,0.7975,1
c2670214,6,0.5232,1
c2670213,6,0.699,1
c2670212,6,0.5732,1
c2670211,6,0.6804,1
c2670210,6,1.306,1
c2670209,6,0.5572,1
c2670208,6,1.627,1
c2670207,6,1.619,1
c2670206,6,1.66,1
c2670205,6,1.731,1
c2670204,6,1.455,1
c2670203,6,0.8651,1
c2670202,6,1.203,1
c2670201,6,1.586,1
c2670200,6,0.5696,1
c2670199,6,0.399,1
c2670198,6,1.148,1
c2670197,6,1.201,1
c2670196,6,1.525,1
c2670195,6,0.9979,1
c2670194,6,0.9303,1
c2670193,6,1.019,1
c2670192,6,1.149,1
c2670191,6,1.141,1
c2670190,6,1.068,1
c2670189,6,0.5332,1
c2670188,6,1.265,1
c2670187,6,0.9445,1
c2670186,6,1.47,1
c2670185,6,1.427,1
c2670184,6,0.833,1
c2670183,6,0.7899,1
c2670182,6,0.8343,1
c2670181,6,1.439,1
c2670180,6,1.107,1
c2670179,6,0.9741,1
c2670178,6,0.9258,1
c2670177,6,1.171,1
c2670176,6,1.062,1
c2670175,6,0.8362,1
c2670174,6,1.69,1
c2670173,6,0.7447,1
c2670172,6,0.3577,1
c2670171,6,1.451,1
c2670170,6,1.53,1
c2670169,6,2.144,1
c2670168,6,1.109,1
c2670167,6,0.6466,1
c2670166,6,0.772,1
c2670165,6,2.086,1
c2670164,6,0.7174,1
c2670163,6,0.8661,1
c2670162,6,1.034,1
c2670161,6,0.8014,1
c2670160,6,0.9271,1
c2670159,6,1.09,1
c2670158,6,0.865,1
c2670157,6,0.6746,1
c2670156,6,0.702,1
c2670155,6,0.8401,1
c2670154,6,0.7691,1
c2670153,6,1.189,1
c2670152,6,0.7574,1
c2670151,6,0.891,1
c2670150,6,2.069,1
c2670149,6,1.536,1
c2670148,6,1.142,1
c2670147,6,1.068,1
c2670146,6,1.98,1
c2670145,6,1.2,1
c2670144,6,0.4812,1
c2670143,6,0.8491,1
c2670493,8,0.7046,1
c2670491,8,0.7983,1
c2670490,8,0.8635,1
c2670489,8,0.9501,1
c2670487,8,0.7385,1
c2670494,9,0.8467,1
c2670492,9,0.9267,1
c2670488,9,1.081,1
c26701026,16,1.208,1
c26701028,18,1.692,1
c2670799,26,0.9172,1
c26701269,29,0.8967,1
c26701029,29,1.067,1
c2670792,38,0.5575,1
c26701277,70,0.7404,1
c26701448,73,10.48,1
c26701726,104,1.082,1.083
c26702018,107,0.9169,1.048
c26702022,115,1.357,1.211
c26702020,115,1.108,1.211
c26702016,115,1.841,1.211
c26702014,115,0.7051,1.211
c26702012,115,1.507,1.211
c26702010,115,1.473,1.211
c26701821,118,3.252,2.182
c26701820,118,1.639,2.182
c26701819,118,2.224,2.182
c26701818,122,1.578,2.182
c26701817,122,1.966,2.182
c26701816,122,2.861,2.182
c26701970,135,1.25,1
c26701969,136,0.7384,0.6743
c26701971,146,0.7453,1
c26702390,256,1.097,0.9979
c26702389,256,1.148,0.9979
c26702388,256,1.063,0.9979
c26702387,256,1.13,0.9979
c26702644,276,0.9594,1.015
c26702643,276,0.9776,1.015
c26702496,276,1.098,1.051
c26702970,1569,1.213,1.293
c26702971,1953,1.518,1.583
c26702925,1963,1.515,1.58
c26702891,2165,1.145,1.198
